+--------------------------------------------------------------------------------------------------------------------------------------------------------------------------------------------------------------------------------------+
; Legal Partition Candidates                                                                                                                                                                                                           ;
+---------------------------------+-------+----------------+--------------+----------------+--------+-----------------+---------------+-----------------+-------+----------------+--------------+------------------+-------------------+
; Hierarchy                       ; Input ; Constant Input ; Unused Input ; Floating Input ; Output ; Constant Output ; Unused Output ; Floating Output ; Bidir ; Constant Bidir ; Unused Bidir ; Input only Bidir ; Output only Bidir ;
+---------------------------------+-------+----------------+--------------+----------------+--------+-----------------+---------------+-----------------+-------+----------------+--------------+------------------+-------------------+
; uart_module|u_TX                ; 11    ; 0              ; 1            ; 0              ; 3      ; 0               ; 0             ; 0               ; 0     ; 0              ; 0            ; 0                ; 0                 ;
; uart_module|u_RX                ; 10    ; 2              ; 7            ; 2              ; 1539   ; 2               ; 2             ; 2               ; 0     ; 0              ; 0            ; 0                ; 0                 ;
; uart_module                     ; 1545  ; 32             ; 0            ; 32             ; 1572   ; 32              ; 32            ; 32              ; 0     ; 0              ; 0            ; 0                ; 0                 ;
; imgprocessing_module|multiplier ; 97    ; 72             ; 0            ; 72             ; 24     ; 72              ; 72            ; 72              ; 0     ; 0              ; 0            ; 0                ; 0                 ;
; imgprocessing_module            ; 1570  ; 32             ; 0            ; 32             ; 1537   ; 32              ; 32            ; 32              ; 0     ; 0              ; 0            ; 0                ; 0                 ;
; buzzer_module                   ; 66    ; 64             ; 0            ; 64             ; 1      ; 64              ; 64            ; 64              ; 0     ; 0              ; 0            ; 0                ; 0                 ;
; sevs_module                     ; 33    ; 0              ; 0            ; 0              ; 11     ; 0               ; 0             ; 0               ; 0     ; 0              ; 0            ; 0                ; 0                 ;
; clockmodifier_module            ; 65    ; 64             ; 0            ; 64             ; 1      ; 64              ; 64            ; 64              ; 0     ; 0              ; 0            ; 0                ; 0                 ;
; ir_decoder_module               ; 2     ; 3              ; 0            ; 3              ; 11     ; 3               ; 3             ; 3               ; 0     ; 0              ; 0            ; 0                ; 0                 ;
; controller_module               ; 36    ; 2              ; 26           ; 2              ; 8      ; 2               ; 2             ; 2               ; 0     ; 0              ; 0            ; 0                ; 0                 ;
+---------------------------------+-------+----------------+--------------+----------------+--------+-----------------+---------------+-----------------+-------+----------------+--------------+------------------+-------------------+
